1.800375
0.151417
0.02725
0.026708
0.087292
0.020375
0.103583
0.084958
0.017625
0.009084
0.012917
0.078792
0.061208
0.011791
0.015958
0.008708
0.031875
0.008625
0.047666
0.044333
0.008625
0.005792
0.04525
0.010125
0.009166
0.0085
0.062292
0.010125
0.042458
0.040958
0.007833
0.08675
0.024542
0.030292
0.007459
0.0225
0.092375
0.029042
0.011125
0.009583
0.010584
0.006417
0.01325
0.013375
0.013958
0.03275
0.008834
0.00475
0.009542
0.008083
0.028041
0.009625
0.029375
0.032042
0.017041
0.277875
0.0295
0.286209
0.291458
0.444709
0.123417
0.010625
0.005209
0.01125
0.010166
0.00825
0.00475
0.00425
0.011042
0.008209
0.0085
0.004458
0.044667
0.006667
0.004708
0.004292
0.005291
0.004208
0.009708
0.130042
0.019083
0.011208
0.005708
0.18575
0.029916
0.062542
0.023708
0.019417
0.04175
0.038958
0.005292
0.003834
0.034458
0.035458
0.004625
0.01225
0.007709
0.004625
0.003
0.046625
0.04475
0.005625
0.009125
0.006959
0.00375
0.004375
0.053292
0.052209
0.00475
0.022458
0.015541
0.010792
0.025791
0.082125
0.008666
0.013209
0.03075
0.033292
0.004084
0.069667
0.396292
0.203125
0.034125
0.105125
0.029708
0.002583
0.002958
0.0035
0.002458
0.019917
0.003791
0.002084
0.00275
0.007334
0.038833
0.004
0.027833
0.00375
0.016
0.003125
0.002708
0.031166
0.028833
0.003167
0.009083
0.012917
0.011375
0.01125
0.0075
0.002875
0.002833
0.026416
0.027333
0.002958
0.058833
0.00375
0.02925
0.013333
0.009125
0.002792
0.006666
0.029458
0.002875
0.002375
0.005042
0.004708
0.0025
0.003208
0.0535
0.006375
0.002042
0.021208
0.002709
0.018834
0.0275
0.002708
0.002542
0.002625
0.002791
0.022209
0.004916
0.00525
0.006209
0.001916
0.026875
0.0025
0.010458
0.0845
0.009375
0.048291
0.005667
0.014458
0.011583
0.00875
0.017708
0.003542
0.003708
0.029666
0.029875
0.003084
0.004375
0.003375
0.006083
0.004083
0.030166
0.003042
0.00175
0.010542
0.004208
0.038041
0.003542
0.032958
0.0595
0.00375
0.025917
0.022083
0.0035
0.033833
0.00275
0.001625
0.002292
0.01075
0.011667
0.002375
0.002125
0.002667
0.009083
0.002333
0.002958
0.008167
0.001792
0.002041
0.002792
0.015625
0.0025
0.008333
0.00625
1.1815
0.340625
0.32525
0.05175
0.009625
0.007
0.006625
0.004917
0.002083
0.007042
0.033542
0.028417
0.003084
0.015791
0.011083
0.018291
0.0025
0.002917
0.003625
0.002917
0.002916
0.003709
0.002292
0.00275
0.001416
0.022
0.002208
0.002625
0.032042
0.003292
0.021833
0.020709
0.003292
0.012375
0.00225
0.001916
0.016208
0.002083
0.019833
0.002542
0.009583
0.0245
0.002666
0.002083
0.001917
0.001667
0.00225
0.003708
0.003708
0.001875
0.011542
0.005667
0.00125
0.011417
0.002041
0.001541
0.011916
0.0165
0.104625
0.026958
0.008042
0.030875
0.021166
0.849375
0.470834
0.4055
0.002792
0.006875
0.002625
0.002291
0.134583
0.008125
0.003709
0.013125
0.007375
0.002083
0.002333
0.00225
0.0025
0.00175
0.001167
0.001541
0.001625
0.003875
0.027833
0.020584
0.002583
0.0045
0.00325
0.001708
0.001834
0.0045
0.012625
0.002083
0.005167
0.004916
0.001708
0.058667
0.052583
0.003917
0.003917
0.002083
0.007459
0.001208
0.038167
0.018292
0.002125
0.018834
0.036166
0.002833
0.003041
0.019583
0.001959
0.003166
0.004
0.004834
0.005458
0.001875
0.007959
0.0015
0.018584
0.002333
0.002334
0.018459
0.002625
0.001375
0.002917
0.019958
0.002292
0.041375
0.002625
0.0345
0.015709
0.002166
0.031333
0.002792
0.011333
0.016458
0.001833
0.001292
0.011666
0.012333
0.003125
0.008042
0.002875
0.045083
0.039167
0.002958
0.003125
0.001708
0.01375
0.002
0.011208
0.013625
0.029291
0.008083
0.002417
0.003958
0.004042
0.002459
0.002625
0.008125
0.007334
0.006083
0.003917
0.003042
0.328542
0.153875
0.123042
0.126666
0.119666
0.014333
0.0435
0.027041
0.003
0.016541
0.014708
0.001958
0.005666
0.003958
0.003208
0.011959
0.001875
0.0045
0.004333
0.002
0.009417
0.01725
0.006208
0.001875
0.002625
0.002375
0.008542
0.009041
0.006208
0.002125
0.018041
0.003875
0.004
0.001792
0.815291
6.641625
0.640833
0.432333
0.007166
0.00575
0.009542
0.006834
0.002458
0.005417
0.004
0.001833
0.004375
0.003208
0.0015
0.005
0.049583
0.031291
0.032083
0.002875
0.002125
0.027958
0.127958
0.010292
0.01275
0.066792
0.007042
0.00525
0.014917
0.001875
0.007208
0.007417
0.025584
0.010209
0.002
0.003459
0.004042
0.019709
0.003709
0.012542
0.003291
0.001875
0.009458
0.008125
0.013542
0.007208
0.002459
0.004375
0.001625
0.016792
0.00175
0.040667
0.045417
0.018
0.002083
0.003834
0.001625
0.001333
0.001333
0.001334
0.005291
0.00675
0.009375
0.022875
0.003917
0.004209
0.004375
0.002542
0.013
0.010083
0.004917
0.004209
0.002625
0.003792
0.001834
0.003
0.003375
0.001583
0.0075
0.027333
0.02525
0.004375
0.004375
0.007708
0.005583
0.002833
0.005166
0.037333
0.033209
0.0035
0.001625
0.012833
0.0105
0.134458
0.035167
0.012334
0.022584
0.016083
0.001917
0.021375
0.015208
0.001958
0.013917
0.001875
0.349958
0.023
0.0055
0.005125
0.002
0.012916
0.007667
0.011541
0.002958
0.170375
0.012541
0.0555
0.004875
0.026209
0.0125
0.010833
0.004833
0.007167
0.035167
0.002083
0.002709
0.00175
0.021625
0.002791
0.002583
0.00175
0.016542
0.015917
0.002334
0.018834
0.015875
0.003
0.01425
0.014
0.00175
0.001459
0.001625
0.006
0.001875
0.013708
0.014084
0.001667
0.011875
0.055042
0.005417
0.0055
0.004459
0.002959
0.003875
0.002
0.005209
0.003333
0.002083
0.002625
0.002042
0.030334
0.024083
0.001667
0.004167
0.025208
0.002875
0.002125
0.005083
0.001708
0.0015
0.002667
0.02775
0.02
0.002
0.001541
0.0015
10.908
35.576417
16.358709
9.517292
1.1245
0.046875
0.018625
0.001834
0.0135
0.005083
0.0035
0.001459
0.020583
0.040333
0.006333
0.07
0.04075
0.013375
0.003833
0.174958
0.014583
0.018458
0.005083
0.001542
0.002667
0.0025
0.00325
0.126542
0.211167
0.230041
0.204209
0.003708
0.004833
0.024125
0.004875
0.004208
0.001417
0.001666
0.027792
0.021292
0.001666
0.002042
0.001292
0.001333
0.002458
0.002333
0.015292
0.002333
0.001916
0.002583
0.078708
0.027417
0.01675
0.002417
0.001042
0.00625
0.001541
0.001166
0.008792
0.081625
0.02925
0.011667
0.01175
0.014084
0.019917
0.01975
0.075292
0.020291
0.020958
0.004292
0.006542
0.001917
0.003292
0.004708
0.016041
0.001792
0.005042
0.004208
0.003916
0.002209
0.002625
0.003709
0.003709
0.001542
0.001792
0.007959
0.005583
0.003791
0.001792
0.021584
0.002292
0.001375
0.066208
0.078834
0.003541
0.0035
0.001292
0.001375
0.001209
0.012709
0.001375
0.002167
0.026417
0.018666
0.002292
0.0015
0.002042
0.087292
0.121708
0.139125
0.120333
0.121
0.001541
0.001208
0.012083
0.00125
0.007375
0.004666
0.004
0.001209
0.001
0.005083
0.004291
0.001792
0.003083
0.023333
0.00225
0.0015
0.002417
0.011625
0.001667
0.008917
0.00875
0.0015
0.001208
0.001375